331111111133111111133111111113311111133
30p000000000000000000000000000000000003
100000000000000000000000000000000000001
122222200222222220002222222220002222221
100000200200000020002000000020002000001
10t000000000000020002000000020002000001
1000000000000000200020000000200020e0001
100000000000000000002000000020002000001
100e00000000000000000000000020002000001
300000000000000020000000000020000000003
300000000000000020002000000020000000003
122222222222222222222222222222222002221
100000000002000000000000000000000000001
100000000002000000000000000000000000001
10000e000002000000000000000222222222221
100000000002000000000000000000000000001
10000000000000000000000000000000e000001
100022222222222200000200000000000000001
300000000000000200000200000222222222223
300000000000000200000200000200000000003
100000000000000000000200000200000000001
10000t000000000000000000000200000000001
100000000000000000000000000200000000001
100000000033333333333333333200000000001
100000000000000000000000000000000000001
133333333333333220000223333333333333331
100000000000000000000000000000000000001
300000000000000000000000000000000000003
300000000000e000000000000e0000000000003
100000000000000000000000000000000000001
100000000000000000000000000000000000001
100000000000000000000000000000000000001
100000000000000000000000000000000000001
100000000000000000000000000000000000001
100000000000000000000000000000000000001
100000000000000000000000000000000000001
10t000000000000000f00000000000000000t01
100000000000000000000000000000000000001
331111111331111111331111111331111111133
331111111331111111331111111331111111133

